SetDesc:         "PVDIS (electron)"
SetIndex:        0
Authors:         JAM Collaboration
Reference:       
Format:          lhagrid1
DataVersion:     1
NumMembers:      1
Particle:        d
Flavors:         [90000]
OrderQCD:        1
FlavorScheme:    <flav scheme>
NumFlavors:      1
ErrorType:       no error
XMin:            4.35e-04
XMax:            4.61e-01
QMin:            1.58e+00
QMax:            6.31e+01
MZ:              91.187600
MUp:             0.0
MDown:           0.0
MStrange:        0.0
MCharm:          1.280000
MBottom:         4.180000
MTop:            180.0
AlphaS_MZ:       0.118000
AlphaS_OrderQCD: 1
AlphaS_Type:     ipol
AlphaS_Qs: [1.58489E+00, 1.58489E+00, 2.51189E+00, 1.58489E+00, 2.51189E+00, 1.58489E+00, 2.51189E+00, 3.98107E+00, 1.58489E+00, 2.51189E+00, 3.98107E+00, 6.30957E+00, 1.58489E+00, 2.51189E+00, 3.98107E+00, 6.30957E+00, 1.58489E+00, 2.51189E+00, 3.98107E+00, 6.30957E+00, 9.99999E+00, 1.58489E+00, 2.51189E+00, 3.98107E+00, 6.30957E+00, 9.99999E+00, 1.58489E+00, 2.51189E+00, 3.98107E+00, 6.30957E+00, 9.99999E+00, 1.58489E+01, 1.58489E+00, 2.51189E+00, 3.98107E+00, 6.30957E+00, 9.99999E+00, 1.58489E+01, 2.51189E+01, 2.51189E+00, 3.98107E+00, 6.30957E+00, 9.99999E+00, 1.58489E+01, 2.51189E+01, 3.98107E+00, 6.30957E+00, 9.99999E+00, 1.58489E+01, 2.51189E+01, 3.98107E+01, 6.30957E+00, 9.99999E+00, 1.58489E+01, 2.51189E+01, 3.98107E+01, 6.30957E+01, ]
AlphaS_Vals: [3.31554E-01, 3.31554E-01, 2.69098E-01, 3.31554E-01, 2.69098E-01, 3.31554E-01, 2.69098E-01, 2.27230E-01, 3.31554E-01, 2.69098E-01, 2.27230E-01, 1.99299E-01, 3.31554E-01, 2.69098E-01, 2.27230E-01, 1.99299E-01, 3.31554E-01, 2.69098E-01, 2.27230E-01, 1.99299E-01, 1.77874E-01, 3.31554E-01, 2.69098E-01, 2.27230E-01, 1.99299E-01, 1.77874E-01, 3.31554E-01, 2.69098E-01, 2.27230E-01, 1.99299E-01, 1.77874E-01, 1.60721E-01, 3.31554E-01, 2.69098E-01, 2.27230E-01, 1.99299E-01, 1.77874E-01, 1.60721E-01, 1.46660E-01, 2.69098E-01, 2.27230E-01, 1.99299E-01, 1.77874E-01, 1.60721E-01, 1.46660E-01, 2.27230E-01, 1.99299E-01, 1.77874E-01, 1.60721E-01, 1.46660E-01, 1.34914E-01, 1.99299E-01, 1.77874E-01, 1.60721E-01, 1.46660E-01, 1.34914E-01, 1.24948E-01, ]
AlphaS_Lambda4: 0
AlphaS_Lambda5: 0
